%read in the filenames of the AERONET data
station_filenames = ['../Data/AERONET/19930101_131231_Capo_V.lev20'; %#1, 60 m
    '../Data/AERONET/19940101_071231_Ouagad.lev20';                  %#2, 290 m
    '../Data/AERONET/19940101_121231_Blida_.lev20';                  %#3, 230 m
    '../Data/AERONET/19940101_131231_IER_Ci.lev20';                  %#4, 285 m
    '../Data/AERONET/19940101_131231_Nes_Zi.lev20';                  %#5, 40 m
    '../Data/AERONET/19940101_131231_Zinder.lev20';                  %#6, 456 m
    '../Data/AERONET/19950101_131231_Banizo.lev20';                  %#7, 250 m
    '../Data/AERONET/19950101_131231_Ilorin.lev20';                  %#8, 350 m
    '../Data/AERONET/19950101_131231_SEDE_B.lev20';                  %#9, 400 m
    '../Data/AERONET/19960101_061231_Bahrai.lev20';                  %#10, 25 m
    '../Data/AERONET/19960101_131231_Dakar_.lev20';                  %#11, 0 m
    '../Data/AERONET/19960101_981231_Bidi_B.lev20';                  %#12, 0 m
    '../Data/AERONET/19960101_991231_Bondou.lev20';                  %#13, 0 m
    '../Data/AERONET/19970101_051231_Dahkla.lev20';                  %#14, 12 m
    '../Data/AERONET/19970101_131231_Dalanz.lev20';                  %#15, 1470 m
    '../Data/AERONET/19970101_131231_Izana_.lev20';                  %#16, 2391 m
    '../Data/AERONET/19980101_121231_TingaT.lev20';                  %#17,  38 m
    '../Data/AERONET/19990101_131231_SolarV.lev20';                  %#18, 40 m
    '../Data/AERONET/20000101_071231_Hamim_.lev20';                  %#19, 209 m
    '../Data/AERONET/20000101_081231_Dhabi_.lev20';                  %#20, 15 m
    '../Data/AERONET/20000101_131231_Lamped.lev20';                  %#21, 45 m
    '../Data/AERONET/20000101_131231_TamINM.lev20';                  %#22, 1377 m
    '../Data/AERONET/20010101_101231_Mussaf.lev20';                  %#23, 40 m
    '../Data/AERONET/20010101_121231_Agoufo.lev20';                  %#24, 305 m
    '../Data/AERONET/20030101_131231_Saada_.lev20';                  %#25, 420 m
    '../Data/AERONET/20040101_071231_Djougo.lev20';                  %#26, 400 m
    '../Data/AERONET/20040101_091231_Abu_Al.lev20';                  %#27, 24 m
    '../Data/AERONET/20040101_101231_Dhadna.lev20';                  %#28, 81 m
    '../Data/AERONET/20040101_131231_Mezair.lev20';                  %#29, 204 m
    '../Data/AERONET/20040101_131231_SantaC.lev20';                  %#30 (Tenerife), 52 m
    '../Data/AERONET/20050101_101231_DMN_Ma.lev20';                  %#31, 350 m
    '../Data/AERONET/20050101_131231_Birdsv.lev20';                  %#32, 46 m
    '../Data/AERONET/20050101_131231_Trelew.lev20';                  %#33, 15 m
    '../Data/AERONET/20060101_071231_Ras_El.lev20';                  %#34, 570 m
    '../Data/AERONET/20060101_131231_Karach.lev20';                  %#35, 49 m
    '../Data/AERONET/20060101_131231_La_Lag.lev20';                  %#36, 568 m
    '../Data/AERONET/20060101_131231_Lahore.lev20';                  %#37, 270 m
    '../Data/AERONET/20070101_131231_Eilat_.lev20';                  %#38, 15 m
    '../Data/AERONET/20090101_131231_IASBS_.lev20';                  %#39, 1805 m
    '../Data/AERONET/20010101_011231_THALA_.lev20';                  %#40, 1091 m
    '../Data/AERONET/20010101_021231_Yulin_.lev20';                  %#41, 1080 m
    '../Data/AERONET/20010101_131231_Lake_A.lev20';                  %#42, 150 m
    '../Data/AERONET/20060101_121231_SACOL_.lev20';                  %#43, 1965 m
    '../Data/AERONET/20070101_131231_IssykK.lev20';                  %#44, 1650 m
    '../Data/AERONET/20080101_101231_ZinDMN.lev20';                  %#45, 460 m
    '../Data/AERONET/20090101_131231_Jaipur.lev20';                  %#46, 450 m
    '../Data/AERONET/20100101_111231_Bambey.lev20';                  %#47, 30 m
    '../Data/AERONET/20100101_131231_Dushan.lev20';                  %#48, 821 m
    '../Data/AERONET/20100101_131231_Oujda_.lev20';                  %#49, 620 m
    '../Data/AERONET/20120101_131231_Calhau.lev20';                  %#50, 40 m
    '../Data/AERONET/20060101_061231_TamTMP.lev20';                  %#51, 1377 m
    '../Data/AERONET/19960101_011231_Etosha.lev20';                  %#52, 1131 m
    '../Data/AERONET/20010101_141231_Kanpur.lev20';]                 %#53, 123 m
